  0.0000000E+00   2.00000000000000       0.000000000000000E+000
  1.0000000E-03   1.99990000000252       1.999899949480801E-005
  2.0000001E-03   1.98989999853798       2.014848948788544E-003
  3.0000000E-03   1.97989998697344       3.999698892603106E-003
  4.0000002E-03   1.96989995530889       5.974548815788502E-003
  5.0000004E-03   1.95989989354435       7.939398693194728E-003
  6.0000005E-03   1.94989979167982       9.894248489671789E-003
  7.0000007E-03   1.93989963971528       1.183909816006968E-002
  8.0000004E-03   1.92989942765075       1.377394764923842E-002
  9.0000005E-03   1.91989914548623       1.569879689202802E-002
  1.0000001E-02   1.90989878322171       1.761364581328847E-002
  1.1000001E-02   1.89989833085720       1.951849432786977E-002
  1.2000001E-02   1.88989777839270       2.141334234062196E-002
  1.3000001E-02   1.87989711582820       2.329818974639503E-002
  1.4000001E-02   1.86989633316372       2.517303643003901E-002
  1.5000002E-02   1.85989542039924       2.703788226640391E-002
  1.6000001E-02   1.84989436753478       2.889272712033973E-002
  1.7000001E-02   1.83989316457032       3.073757084669648E-002
  1.8000001E-02   1.82989180150588       3.257241329032420E-002
  1.9000001E-02   1.81989026834145       3.439725428607291E-002
  2.0000001E-02   1.80988855507703       3.621209365879258E-002
  2.1000002E-02   1.79988665171263       3.801693122333324E-002
  2.2000002E-02   1.78988454824825       3.981176678454493E-002
  2.3000002E-02   1.77988223468388       4.159660013727770E-002
  2.4000002E-02   1.76987970101952       4.337143106638154E-002
  2.5000002E-02   1.75987693725519       4.513625934670646E-002
  2.6000002E-02   1.74987393339087       4.689108474310250E-002
  2.7000003E-02   1.73987067942657       4.863590701041971E-002
  2.8000003E-02   1.72986716536229       5.037072589350801E-002
  2.9000003E-02   1.71986338119804       5.209554112721755E-002
  3.0000003E-02   1.70985931693380       5.381035243639828E-002
  3.1000003E-02   1.69985496256958       5.551515953590028E-002
  3.2000002E-02   1.68985030810539       5.720996213057358E-002
  3.3000000E-02   1.67984534354122       5.889475991526817E-002
  3.3999998E-02   1.66994011334105       6.055285417466719E-002
  3.4999996E-02   1.65993450192743       6.221774144009962E-002
  3.5999995E-02   1.64992855051383       6.387262292350442E-002
  3.6999993E-02   1.63992224910026       6.551749827983168E-002
  3.7999991E-02   1.62991558768672       6.715236715403144E-002
  3.8999990E-02   1.61990855627321       6.877722918105375E-002
  3.9999988E-02   1.60990114485973       7.039208398584856E-002
  4.0999986E-02   1.59989334344627       7.199693118336604E-002
  4.1999985E-02   1.58988514203285       7.359177037855612E-002
  4.2999983E-02   1.57987653061945       7.517660116636882E-002
  4.3999981E-02   1.56986749920609       7.675142313175430E-002
  4.4999979E-02   1.55985803779277       7.831623584966245E-002
  4.5999978E-02   1.54984813637947       7.987103888504349E-002
  4.6999976E-02   1.53983778496621       8.141583179284737E-002
  4.7999974E-02   1.52982697355298       8.295061411802421E-002
  4.8999973E-02   1.51981569213979       8.447538539552391E-002
  4.9999971E-02   1.50980393072664       8.599014515029658E-002
  5.0999969E-02   1.49979167931352       8.749489289729227E-002
  5.1999968E-02   1.48977892790044       8.898962814146115E-002
  5.2999966E-02   1.47976566648740       9.047435037775314E-002
  5.3999964E-02   1.46975188507440       9.194905909111832E-002
  5.4999962E-02   1.45973757366144       9.341375375650672E-002
  5.5999961E-02   1.44972272224852       9.486843383886839E-002
  5.6999959E-02   1.43970732083564       9.631309879315353E-002
  5.7999957E-02   1.42969135942281       9.774774806431204E-002
  5.8999956E-02   1.41967482801001       9.917238108729404E-002
  5.9999954E-02   1.40965771659727       0.100586997287050     
  6.0999952E-02   1.39964001518456       0.101991596078529     
  6.1999951E-02   1.38962171377191       0.103386176866681     
  6.2999949E-02   1.37960280235929       0.104770739046458     
  6.3999951E-02   1.36958327094673       0.106145282002808     
  6.4999953E-02   1.35956310953421       0.107509805110682     
  6.5999955E-02   1.34954230812174       0.108864307735030     
  6.6999957E-02   1.33952085670932       0.110208789230802     
  6.7999959E-02   1.32949874529695       0.111543248942948     
  6.8999961E-02   1.31947596388463       0.112867686206417     
  6.9999963E-02   1.30945250247237       0.114182100346162     
  7.0999965E-02   1.29942835106015       0.115486490677130     
  7.1999967E-02   1.28940349964799       0.116780856504273     
  7.2999969E-02   1.27937793823588       0.118065197122540     
  7.3999971E-02   1.26935165682383       0.119339511816881     
  7.4999973E-02   1.25932464541183       0.120603799862247     
  7.5999975E-02   1.24929689399989       0.121858060523588     
  7.6999977E-02   1.23926839258800       0.123102293055853     
  7.7999979E-02   1.22923913117617       0.124336496703993     
  7.8999981E-02   1.21920909976440       0.125560670702958     
  7.9999983E-02   1.20917828835269       0.126774814277698     
  8.0999985E-02   1.19914668694104       0.127978926643163     
  8.1999987E-02   1.18911428552945       0.129173007004303     
  8.2999989E-02   1.17908107411792       0.130357054556067     
  8.3999991E-02   1.16904704270646       0.131531068483408     
  8.4999993E-02   1.15901218129506       0.132695047961273     
  8.5999995E-02   1.14897647988372       0.133848992154614     
  8.6999997E-02   1.13893992847244       0.134992900218380     
  8.8000000E-02   1.12880213857028       0.136138059318623     
  8.9000002E-02   1.11876384840864       0.137261792165191     
  9.0000004E-02   1.10872467814706       0.138375486278234     
  9.1000006E-02   1.09868461778555       0.139479140772603     
  9.2000008E-02   1.08864365732411       0.140572754753145     
  9.3000010E-02   1.07860178676274       0.141656327314713     
  9.4000012E-02   1.06855899610144       0.142729857542156     
  9.5000014E-02   1.05851527534020       0.143793344510325     
  9.6000016E-02   1.04847061447904       0.144846787284068     
  9.7000018E-02   1.03842500351795       0.145890184918237     
  9.8000020E-02   1.02837843245694       0.146923536457682     
  9.9000022E-02   1.01833089129600       0.147946840937252     
  0.1000000       1.00828237003513       0.148960097381798     
  0.1010000      0.998232858674336       0.149963304806169     
  0.1020000      0.988182347213619       0.150956462215217     
  0.1030000      0.978130825652978       0.151939568603790     
  0.1040000      0.968078283992415       0.152912622956739     
  0.1050000      0.958024712231929       0.153875624248915     
  0.1060000      0.947970100371523       0.154828571445167     
  0.1070000      0.937914438411196       0.155771463500345     
  0.1080000      0.927857716350949       0.156704299359300     
  0.1090000      0.917799924190784       0.157627077956881     
  0.1100000      0.907741051930701       0.158539798217940     
  0.1110000      0.897681089570700       0.159442459057324     
  0.1120000      0.887620027110782       0.160335059379886     
  0.1130001      0.877557854550949       0.161217598080475     
  0.1140001      0.867494561891200       0.162090074043942     
  0.1150001      0.857430139131537       0.162952486145135     
  0.1160001      0.847364576271960       0.163804833248906     
  0.1170001      0.837297863312471       0.164647114210104     
  0.1180001      0.827229990253070       0.165479327873580     
  0.1190001      0.817160947093757       0.166301473074184     
  0.1200001      0.807090723834534       0.167113548636766     
  0.1210001      0.797019310475400       0.167915553376175     
  0.1220001      0.786946697016358       0.168707486097263     
  0.1230001      0.776872873457408       0.169489345594879     
  0.1240001      0.766797829798549       0.170261130653873     
  0.1250001      0.756721556039784       0.171022840049096     
  0.1260001      0.746644042181112       0.171774472545397     
  0.1270001      0.736565278222536       0.172516026897627     
  0.1280001      0.726485254164056       0.173247501850636     
  0.1290001      0.716403960005672       0.173968896139274     
  0.1300001      0.706321385747385       0.174680208488390     
  0.1310001      0.696237521389195       0.175381437612837     
  0.1320001      0.686152356931104       0.176072582217462     
  0.1330001      0.676065882373113       0.176753640997117     
  0.1340001      0.665978087715221       0.177424612636652     
  0.1350001      0.655888962957430       0.178085495810916     
  0.1360001      0.645798498099740       0.178736289184761     
  0.1370001      0.635706683142153       0.179376991413035     
  0.1380001      0.625613508084669       0.180007601140590     
  0.1390001      0.615518962927289       0.180628117002274     
  0.1400001      0.605423037670013       0.181238537622940     
  0.1410001      0.595325722312843       0.181838861617436     
  0.1420001      0.585227006855779       0.182429087590612     
  0.1430001      0.575126881298823       0.183009214137320     
  0.1440001      0.565025335641973       0.183579239842408     
  0.1450001      0.554922359885231       0.184139163280728     
  0.1460001      0.544817944028599       0.184688983017129     
  0.1470001      0.534712078072078       0.185228697606462     
  0.1480001      0.524604752015666       0.185758305593576     
  0.1490001      0.514495955859366       0.186277805513321     
  0.1500001      0.504385679603178       0.186787195890549     
  0.1510001      0.494273913247103       0.187286475240109     
  0.1520001      0.484160646791142       0.187775642066851     
  0.1530001      0.474045870235295       0.188254694865625     
  0.1540001      0.463929573579563       0.188723632121282     
  0.1550001      0.453811746823948       0.189182452308671     
  0.1560001      0.443692379968449       0.189631153892644     
  0.1570001      0.433571463013067       0.190069735328049     
  0.1580001      0.423448985957804       0.190498195059737     
  0.1590001      0.413324938802660       0.190916531522558     
  0.1600001      0.403199311547635       0.191324743141363     
  0.1610001      0.393072094192731       0.191722828331002     
  0.1620001      0.382943276737948       0.192110785496324     
  0.1630002      0.372812849183287       0.192488613032181     
  0.1640002      0.362680801528749       0.192856309323421     
  0.1650002      0.352547123774335       0.193213872744896     
  0.1660002      0.342411805920045       0.193561301661455     
  0.1670002      0.332274837965879       0.193898594427949     
  0.1680002      0.322136209911840       0.194225749389227     
  0.1690002      0.311995911757928       0.194542764880141     
  0.1700002      0.301853933504142       0.194849639225539     
  0.1710002      0.291710265150485       0.195146370740273     
  0.1720002      0.281564896696957       0.195432957729192     
  0.1730002      0.271417818143558       0.195709398487146     
  0.1740002      0.261269019490289       0.195975691298987     
  0.1750002      0.251118490737152       0.196231834439563     
  0.1760002      0.240966221884146       0.196477826173726     
  0.1770002      0.230812202931274       0.196713664756325     
  0.1780002      0.220656423878534       0.196939348432210     
  0.1790002      0.210498874725929       0.197154875436232     
  0.1800002      0.200339545473458       0.197360243993241     
  0.1810002      0.190178426121124       0.197555452318087     
  0.1820002      0.180015506668925       0.197740498615620     
  0.1830002      0.169850777116864       0.197915381080691     
  0.1840002      0.159684227464941       0.198080097898148     
  0.1850002      0.149515847713156       0.198234647242844     
  0.1860002      0.139345627861511       0.198379027279628     
  0.1870002      0.129173557910006       0.198513236163350     
  0.1880002      0.118999627858643       0.198637272038860     
  0.1890002      0.108823827707420       0.198751133041009     
  0.1900002      9.864614745634076E-002  0.198854817294646     
  0.1910002      8.846657710540436E-002  0.198948322914622     
  0.1920002      7.828510665461196E-002  0.199031648005787     
  0.1930002      6.810172610396434E-002  0.199104790662992     
  0.1940002      5.791642545346220E-002  0.199167748971086     
  0.1950002      4.772919470310630E-002  0.199220521004919     
  0.1960002      3.754002385289747E-002  0.199263104829343     
  0.1970002      2.734890290283643E-002  0.199295498499206     
  0.1980002      1.715582185292394E-002  0.199317700059360     
  0.1990002      6.960770703160775E-003  0.199329707544654     
  0.2000002     -3.236260546452337E-003  0.199331518979939     
  0.2010002     -1.343528189591463E-002  0.199323132380064     
  0.2020002     -2.363630334522533E-002  0.199304545749881     
  0.2030002     -3.383933489438370E-002  0.199275757084239     
  0.2040002     -4.404438654338896E-002  0.199236764367988     
  0.2050002     -5.425146829224041E-002  0.199187565575979     
  0.2060002     -6.446059014093726E-002  0.199128158673062     
  0.2070002     -7.467176208947858E-002  0.199058541614087     
  0.2080002     -8.488499413786384E-002  0.198978712343904     
  0.2090002     -9.510029628609228E-002  0.198888668797364     
  0.2100002     -0.105317678534163       0.198788408899316     
  0.2110002     -0.115537150882075       0.198677930564612     
  0.2120003     -0.125758723329829       0.198557231698100     
  0.2130003     -0.135982405877422       0.198426310194632     
  0.2140003     -0.146208208524855       0.198285163939057     
  0.2150003     -0.156436141272126       0.198133790806226     
  0.2160003     -0.166666214119235       0.197972188660989     
  0.2170003     -0.176898437066181       0.197800355358196     
  0.2180003     -0.187132820112963       0.197618288742697     
  0.2190003     -0.197369373259581       0.197425986649343     
  0.2200003     -0.207608106506034       0.197223446902984     
  0.2210003     -0.217849029852320       0.197010667318471     
  0.2220003     -0.228092153298440       0.196787645700652     
  0.2230003     -0.238337486844393       0.196554379844379     
  0.2240003     -0.248585040490177       0.196310867534502     
  0.2250003     -0.258834824235792       0.196057106545870     
  0.2260003     -0.269086848081237       0.195793094643335     
  0.2270003     -0.279341122026512       0.195518829581746     
  0.2280003     -0.289597656071616       0.195234309105953     
  0.2290003     -0.299856460216547       0.194939530950808     
  0.2300003     -0.310117544461306       0.194634492841160     
  0.2310003     -0.320380918805891       0.194319192491859     
  0.2320003     -0.330646593250302       0.193993627607755     
  0.2330003     -0.340914577794538       0.193657795883700     
  0.2340003     -0.351184882438598       0.193311695004542     
  0.2350003     -0.361457517182482       0.192955322645133     
  0.2360003     -0.371732492026188       0.192588676470322     
  0.2370003     -0.382009816969715       0.192211754134960     
  0.2380003     -0.392289502013064       0.191824553283896     
  0.2390003     -0.402571557156234       0.191427071551983     
  0.2400003     -0.412855992399223       0.191019306564068     
  0.2410003     -0.423142817742031       0.190601255935003     
  0.2420003     -0.433432043184657       0.190172917269638     
  0.2430003     -0.443723678727100       0.189734288162824     
  0.2440003     -0.454017734369360       0.189285366199410     
  0.2450003     -0.464314220111436       0.188826148954246     
  0.2460003     -0.474613145953327       0.188356633992183     
  0.2470003     -0.484914521895032       0.187876818868072     
  0.2480003     -0.495218357936551       0.187386701126762     
  0.2490003     -0.505524664077882       0.186886278303103     
  0.2500003     -0.515833450319026       0.186375547921947     
  0.2510003     -0.526144726659981       0.185854507498142     
  0.2520003     -0.536458503100746       0.185323154536540     
  0.2530003     -0.546774789641321       0.184781486531991     
  0.2540003     -0.557093596281706       0.184229500969345     
  0.2550003     -0.567414933021898       0.183667195323451     
  0.2560003     -0.577738809861897       0.183094567059161     
  0.2570002     -0.588065236801704       0.182511613631325     
  0.2580002     -0.598394223841317       0.181918332484793     
  0.2590002     -0.608725780980735       0.181314721054415     
  0.2600002     -0.619059918219958       0.180700776765042     
  0.2610002     -0.629396645558985       0.180076497031523     
  0.2620002     -0.639735972997813       0.179441879258709     
  0.2630002     -0.650077910536444       0.178796920841450     
  0.2640001     -0.660422468174876       0.178141619164597     
  0.2650001     -0.670769655913110       0.177475971603000     
  0.2660001     -0.681119483751143       0.176799975521509     
  0.2670001     -0.691471961688975       0.176113628274974     
  0.2680001     -0.701827099726606       0.175416927208245     
  0.2690001     -0.712184907864034       0.174709869656174     
  0.2700001     -0.722545396101259       0.173992452943609     
  0.2710001     -0.732908574438281       0.173264674385402     
  0.2720000     -0.743274452875098       0.172526531286403     
  0.2730000     -0.753643041411709       0.171778020941461     
  0.2740000     -0.764014350048114       0.171019140635428     
  0.2750000     -0.774388388784313       0.170249887643153     
  0.2760000     -0.784661386235614       0.169478106880965     
  0.2770000     -0.795040887620899       0.168688204096045     
  0.2780000     -0.805423149005974       0.167887920417035     
  0.2790000     -0.815808180390840       0.167077253078886     
  0.2799999     -0.826195991775495       0.166256199306548     
  0.2809999     -0.836586593159938       0.165424756314970     
  0.2819999     -0.846979994544169       0.164582921309104     
  0.2829999     -0.857376205928187       0.163730691483900     
  0.2839999     -0.867775237311991       0.162868064024308     
  0.2849999     -0.878177098695582       0.161995036105278     
  0.2859999     -0.888581800078956       0.161111604891761     
  0.2869999     -0.898989351462115       0.160217767538706     
  0.2879998     -0.909399762845057       0.159313521191065     
  0.2889998     -0.919813044227781       0.158398862983787     
  0.2899998     -0.930229205610287       0.157473790041823     
  0.2909998     -0.940648256992574       0.156538299480123     
  0.2919998     -0.951070208374641       0.155592388403638     
  0.2929998     -0.961495069756488       0.154636053907317     
  0.2939998     -0.971922851138112       0.153669293076111     
  0.2949997     -0.982353562519516       0.152692102984970     
  0.2959997     -0.992787213900696       0.151704480698844     
  0.2969997      -1.00322381528165       0.150706423272684     
  0.2979997      -1.01366337666238       0.149697927751441     
  0.2989997      -1.02410590804289       0.148678991170064     
  0.2999997      -1.03455141942317       0.147649610553503     
  0.3009997      -1.04499992080323       0.146609782916709     
  0.3019997      -1.05545142218306       0.145559505264633     
  0.3029996      -1.06590593356266       0.144498774592225     
  0.3039996      -1.07636346494203       0.143427587884434     
  0.3049996      -1.08682402632117       0.142345942116212     
  0.3059996      -1.09728762770008       0.141253834252508     
  0.3069996      -1.10775427907876       0.140151261248272     
  0.3079996      -1.11822399045721       0.139038220048456     
  0.3089996      -1.12869677183542       0.137914707588010     
  0.3099996      -1.13917263321340       0.136780720791883     
  0.3109995      -1.14965158459115       0.135636256575026     
  0.3119995      -1.16013363596866       0.134481311842390     
  0.3129995      -1.17061879734594       0.133315883488924     
  0.3139995      -1.18110707872298       0.132139968399580     
  0.3149995      -1.19159849009978       0.130953563449306     
  0.3159995      -1.20209304147635       0.129756665503055     
  0.3169995      -1.21259074285267       0.128549271415775     
  0.3179995      -1.22309160422876       0.127331378032418     
  0.3189994      -1.23359563560461       0.126102982187933     
  0.3199994      -1.24410284698022       0.124864080707271     
  0.3209994      -1.25461324835558       0.123614670405382     
  0.3219994      -1.26512684973070       0.122354748087217     
  0.3229994      -1.27564366110558       0.121084310547726     
  0.3239994      -1.28616369248021       0.119803354571859     
  0.3249994      -1.29668695385460       0.118511876934566     
  0.3259993      -1.30721345522875       0.117209874400799     
  0.3269993      -1.31774320660264       0.115897343725506     
  0.3279993      -1.32827621797629       0.114574281653640     
  0.3289993      -1.33881249934970       0.113240684920149     
  0.3299993      -1.34935206072285       0.111896550249984     
  0.3309993      -1.35989491209576       0.110541874358095     
  0.3319993      -1.37044106346841       0.109176653949434     
  0.3329993      -1.38099052484081       0.107800885718949     
  0.3339992      -1.39154330621297       0.106414566351593     
  0.3349992      -1.40209941758487       0.105017692522314     
  0.3359992      -1.41265886895651       0.103610260896063     
  0.3369992      -1.42322167032791       0.102192268127791     
  0.3379992      -1.43378783169904       0.100763710862448     
  0.3389992      -1.44435736306993       9.932458573498348E-002
  0.3399992      -1.45493027444055       9.787488937034892E-002
  0.3409992      -1.46550657581092       9.641461838349433E-002
  0.3419991      -1.47608627718103       9.494376937936989E-002
  0.3429991      -1.48666938855089       9.346233895292601E-002
  0.3439991      -1.49725591992048       9.197032368911301E-002
  0.3449991      -1.50784588128982       9.046772016288132E-002
  0.3459991      -1.51843928265889       8.895452493918120E-002
  0.3469991      -1.52903613402770       8.743073457296315E-002
  0.3479991      -1.53963644539625       8.589634560917733E-002
  0.3489991      -1.55024022676454       8.435135458277419E-002
  0.3499990      -1.56084748813256       8.279575801870412E-002
  0.3509990      -1.57145823950032       8.122955243191746E-002
  0.3519990      -1.58207249086781       7.965273432736447E-002
  0.3529990      -1.59269025223504       7.806530019999545E-002
  0.3539990      -1.60331153360200       7.646724653476095E-002
  0.3549990      -1.61393634496869       7.485856980661129E-002
  0.3559990      -1.62456469633512       7.323926648049671E-002
  0.3569990      -1.63519659770128       7.160933301136761E-002
  0.3579989      -1.64583205906716       6.996876584417434E-002
  0.3589989      -1.65647109043278       6.831756141386733E-002
  0.3599989      -1.66711370179812       6.665571614539691E-002
  0.3609989      -1.67775990316319       6.498322645371342E-002
  0.3619989      -1.68840970452799       6.330008874376730E-002
  0.3629989      -1.69906311589252       6.160629941050879E-002
  0.3639989      -1.70972014725677       5.990185483888834E-002
  0.3649988      -1.72038080862074       5.818675140385628E-002
  0.3659988      -1.73104510998445       5.646098547036297E-002
  0.3669988      -1.74171306134787       5.472455339335881E-002
  0.3679988      -1.75238467271102       5.297745151779414E-002
  0.3689988      -1.76305995407388       5.121967617861935E-002
  0.3699988      -1.77373891543648       4.945122370078484E-002
  0.3709988      -1.78442156679878       4.767209039924093E-002
  0.3719988      -1.79510791816081       4.588227257893803E-002
  0.3729987      -1.80579797952256       4.408176653482650E-002
  0.3739987      -1.81649176088403       4.227056855185670E-002
  0.3749987      -1.82718927224521       4.044867490497903E-002
  0.3759987      -1.83789052360611       3.861608185914384E-002
  0.3769987      -1.84859552496673       3.677278566930155E-002
  0.3779987      -1.85930428632706       3.491878258040250E-002
  0.3789987      -1.87001681768710       3.305406882739710E-002
  0.3799987      -1.88073312904686       3.117864063523574E-002
  0.3809986      -1.89145323040633       2.929249421886877E-002
  0.3819986      -1.90217713176552       2.739562578324659E-002
  0.3829986      -1.91290484312441       2.548803152331956E-002
  0.3839986      -1.92363637448302       2.356970762403808E-002
  0.3849986      -1.93437173584133       2.164065026035255E-002
  0.3859986      -1.94511093719936       1.970085559721335E-002
  0.3869986      -1.95585398855709       1.775031978957087E-002
  0.3879986      -1.96660089991453       1.578903898237549E-002
  0.3889985      -1.97735168127167       1.381700931057763E-002
  0.3899985      -1.98810634262853       1.183422689912765E-002
  0.3909985      -1.99886489398508       9.840687862975938E-003
  0.3919985      -2.00962734534135       7.836388307072907E-003
  0.3929985      -2.02039370669731       5.821324326368947E-003
  0.3939985      -2.03116398805298       3.795492005814451E-003
  0.3949985      -2.04193819940835       1.758887420359814E-003
  0.3959984      -2.05271635076343      -2.884933650445613E-004
  0.3969984      -2.06349845211820      -2.346654295448279E-003
  0.3979984      -2.07428451347267      -4.415599325900936E-003
  0.3989984      -2.08507454482684      -6.495332421452139E-003
  0.3999984      -2.09586855618072      -8.585857557151480E-003
  0.4009984      -2.10666655753428      -1.068717871804855E-002
  0.4019984      -2.11746855888755      -1.279929989919297E-002
  0.4029984      -2.12827457024051      -1.492222510563431E-002
  0.4039983      -2.13908460159317      -1.705595835242216E-002
  0.4049983      -2.14989866294552      -1.920050366460615E-002
  0.4059983      -2.16071676429756      -2.135586507723584E-002
  0.4069983      -2.17153891564930      -2.352204663536082E-002
  0.4079983      -2.18236512700073      -2.569905239403069E-002
  0.4089983      -2.19319540835185      -2.788688641829503E-002
