  0.000000000000000E+000
  1.999899949480801E-005
  2.014848948788544E-003
  3.999698892603106E-003
  5.974548815788502E-003
  7.939398693194728E-003
  9.894248489671789E-003
  1.183909816006968E-002
  1.377394764923842E-002
  1.569879689202802E-002
  1.761364581328847E-002
  1.951849432786977E-002
  2.141334234062196E-002
  2.329818974639503E-002
  2.517303643003901E-002
  2.703788226640391E-002
  2.889272712033973E-002
  3.073757084669648E-002
  3.257241329032420E-002
  3.439725428607291E-002
  3.621209365879258E-002
  3.801693122333324E-002
  3.981176678454493E-002
  4.159660013727770E-002
  4.337143106638154E-002
  4.513625934670646E-002
  4.689108474310250E-002
  4.863590701041971E-002
  5.037072589350801E-002
  5.209554112721755E-002
  5.381035243639828E-002
  5.551515953590028E-002
  5.720996213057358E-002
  5.889475991526817E-002
  6.055285417466719E-002
  6.221774144009962E-002
  6.387262292350442E-002
  6.551749827983168E-002
  6.715236715403144E-002
  6.877722918105375E-002
  7.039208398584856E-002
  7.199693118336604E-002
  7.359177037855612E-002
  7.517660116636882E-002
  7.675142313175430E-002
  7.831623584966245E-002
  7.987103888504349E-002
  8.141583179284737E-002
  8.295061411802421E-002
  8.447538539552391E-002
  8.599014515029658E-002
  8.749489289729227E-002
  8.898962814146115E-002
  9.047435037775314E-002
  9.194905909111832E-002
  9.341375375650672E-002
  9.486843383886839E-002
  9.631309879315353E-002
  9.774774806431204E-002
  9.917238108729404E-002
  0.100586997287050     
  0.101991596078529     
  0.103386176866681     
  0.104770739046458     
  0.106145282002808     
  0.107509805110682     
  0.108864307735030     
  0.110208789230802     
  0.111543248942948     
  0.112867686206417     
  0.114182100346162     
  0.115486490677130     
  0.116780856504273     
  0.118065197122540     
  0.119339511816881     
  0.120603799862247     
  0.121858060523588     
  0.123102293055853     
  0.124336496703993     
  0.125560670702958     
  0.126774814277698     
  0.127978926643163     
  0.129173007004303     
  0.130357054556067     
  0.131531068483408     
  0.132695047961273     
  0.133848992154614     
  0.134992900218380     
  0.136138059318623     
  0.137261792165191     
  0.138375486278234     
  0.139479140772603     
  0.140572754753145     
  0.141656327314713     
  0.142729857542156     
  0.143793344510325     
  0.144846787284068     
  0.145890184918237     
  0.146923536457682     
  0.147946840937252     
  0.148960097381798     
  0.149963304806169     
  0.150956462215217     
  0.151939568603790     
  0.152912622956739     
  0.153875624248915     
  0.154828571445167     
  0.155771463500345     
  0.156704299359300     
  0.157627077956881     
  0.158539798217940     
  0.159442459057324     
  0.160335059379886     
  0.161217598080475     
  0.162090074043942     
  0.162952486145135     
  0.163804833248906     
  0.164647114210104     
  0.165479327873580     
  0.166301473074184     
  0.167113548636766     
  0.167915553376175     
  0.168707486097263     
  0.169489345594879     
  0.170261130653873     
  0.171022840049096     
  0.171774472545397     
  0.172516026897627     
  0.173247501850636     
  0.173968896139274     
  0.174680208488390     
  0.175381437612837     
  0.176072582217462     
  0.176753640997117     
  0.177424612636652     
  0.178085495810916     
  0.178736289184761     
  0.179376991413035     
  0.180007601140590     
  0.180628117002274     
  0.181238537622940     
  0.181838861617436     
  0.182429087590612     
  0.183009214137320     
  0.183579239842408     
  0.184139163280728     
  0.184688983017129     
  0.185228697606462     
  0.185758305593576     
  0.186277805513321     
  0.186787195890549     
  0.187286475240109     
  0.187775642066851     
  0.188254694865625     
  0.188723632121282     
  0.189182452308671     
  0.189631153892644     
  0.190069735328049     
  0.190498195059737     
  0.190916531522558     
  0.191324743141363     
  0.191722828331002     
  0.192110785496324     
  0.192488613032181     
  0.192856309323421     
  0.193213872744896     
  0.193561301661455     
  0.193898594427949     
  0.194225749389227     
  0.194542764880141     
  0.194849639225539     
  0.195146370740273     
  0.195432957729192     
  0.195709398487146     
  0.195975691298987     
  0.196231834439563     
  0.196477826173726     
  0.196713664756325     
  0.196939348432210     
  0.197154875436232     
  0.197360243993241     
  0.197555452318087     
  0.197740498615620     
  0.197915381080691     
  0.198080097898148     
  0.198234647242844     
  0.198379027279628     
  0.198513236163350     
  0.198637272038860     
  0.198751133041009     
  0.198854817294646     
  0.198948322914622     
  0.199031648005787     
  0.199104790662992     
  0.199167748971086     
  0.199220521004919     
  0.199263104829343     
  0.199295498499206     
  0.199317700059360     
  0.199329707544654     
  0.199331518979939     
  0.199323132380064     
  0.199304545749881     
  0.199275757084239     
  0.199236764367988     
  0.199187565575979     
  0.199128158673062     
  0.199058541614087     
  0.198978712343904     
  0.198888668797364     
  0.198788408899316     
  0.198677930564612     
  0.198557231698100     
  0.198426310194632     
  0.198285163939057     
  0.198133790806226     
  0.197972188660989     
  0.197800355358196     
  0.197618288742697     
  0.197425986649343     
  0.197223446902984     
  0.197010667318471     
  0.196787645700652     
  0.196554379844379     
  0.196310867534502     
  0.196057106545870     
  0.195793094643335     
  0.195518829581746     
  0.195234309105953     
  0.194939530950808     
  0.194634492841160     
  0.194319192491859     
  0.193993627607755     
  0.193657795883700     
  0.193311695004542     
  0.192955322645133     
  0.192588676470322     
  0.192211754134960     
  0.191824553283896     
  0.191427071551983     
  0.191019306564068     
  0.190601255935003     
  0.190172917269638     
  0.189734288162824     
  0.189285366199410     
  0.188826148954246     
  0.188356633992183     
  0.187876818868072     
  0.187386701126762     
  0.186886278303103     
  0.186375547921947     
  0.185854507498142     
  0.185323154536540     
  0.184781486531991     
  0.184229500969345     
  0.183667195323451     
  0.183094567059161     
  0.182511613631325     
  0.181918332484793     
  0.181314721054415     
  0.180700776765042     
  0.180076497031523     
  0.179441879258709     
  0.178796920841450     
  0.178141619164597     
  0.177475971603000     
  0.176799975521509     
  0.176113628274974     
  0.175416927208245     
  0.174709869656174     
  0.173992452943609     
  0.173264674385402     
  0.172526531286403     
  0.171778020941461     
  0.171019140635428     
  0.170249887643153     
  0.169478106880965     
  0.168688204096045     
  0.167887920417035     
  0.167077253078886     
  0.166256199306548     
  0.165424756314970     
  0.164582921309104     
  0.163730691483900     
  0.162868064024308     
  0.161995036105278     
  0.161111604891761     
  0.160217767538706     
  0.159313521191065     
  0.158398862983787     
  0.157473790041823     
  0.156538299480123     
  0.155592388403638     
  0.154636053907317     
  0.153669293076111     
  0.152692102984970     
  0.151704480698844     
  0.150706423272684     
  0.149697927751441     
  0.148678991170064     
  0.147649610553503     
  0.146609782916709     
  0.145559505264633     
  0.144498774592225     
  0.143427587884434     
  0.142345942116212     
  0.141253834252508     
  0.140151261248272     
  0.139038220048456     
  0.137914707588010     
  0.136780720791883     
  0.135636256575026     
  0.134481311842390     
  0.133315883488924     
  0.132139968399580     
  0.130953563449306     
  0.129756665503055     
  0.128549271415775     
  0.127331378032418     
  0.126102982187933     
  0.124864080707271     
  0.123614670405382     
  0.122354748087217     
  0.121084310547726     
  0.119803354571859     
  0.118511876934566     
  0.117209874400799     
  0.115897343725506     
  0.114574281653640     
  0.113240684920149     
  0.111896550249984     
  0.110541874358095     
  0.109176653949434     
  0.107800885718949     
  0.106414566351593     
  0.105017692522314     
  0.103610260896063     
  0.102192268127791     
  0.100763710862448     
  9.932458573498348E-002
  9.787488937034892E-002
  9.641461838349433E-002
  9.494376937936989E-002
  9.346233895292601E-002
  9.197032368911301E-002
  9.046772016288132E-002
  8.895452493918120E-002
  8.743073457296315E-002
  8.589634560917733E-002
  8.435135458277419E-002
  8.279575801870412E-002
  8.122955243191746E-002
  7.965273432736447E-002
  7.806530019999545E-002
  7.646724653476095E-002
  7.485856980661129E-002
  7.323926648049671E-002
  7.160933301136761E-002
  6.996876584417434E-002
  6.831756141386733E-002
  6.665571614539691E-002
  6.498322645371342E-002
  6.330008874376730E-002
  6.160629941050879E-002
  5.990185483888834E-002
  5.818675140385628E-002
  5.646098547036297E-002
  5.472455339335881E-002
  5.297745151779414E-002
  5.121967617861935E-002
  4.945122370078484E-002
  4.767209039924093E-002
  4.588227257893803E-002
  4.408176653482650E-002
  4.227056855185670E-002
  4.044867490497903E-002
  3.861608185914384E-002
  3.677278566930155E-002
  3.491878258040250E-002
  3.305406882739710E-002
  3.117864063523574E-002
  2.929249421886877E-002
  2.739562578324659E-002
  2.548803152331956E-002
  2.356970762403808E-002
  2.164065026035255E-002
  1.970085559721335E-002
  1.775031978957087E-002
  1.578903898237549E-002
  1.381700931057763E-002
  1.183422689912765E-002
  9.840687862975938E-003
  7.836388307072907E-003
  5.821324326368947E-003
  3.795492005814451E-003
  1.758887420359814E-003
 -2.884933650445613E-004
 -2.346654295448279E-003
 -4.415599325900936E-003
 -6.495332421452139E-003
 -8.585857557151480E-003
 -1.068717871804855E-002
 -1.279929989919297E-002
 -1.492222510563431E-002
 -1.705595835242216E-002
 -1.920050366460615E-002
 -2.135586507723584E-002
 -2.352204663536082E-002
 -2.569905239403069E-002
 -2.788688641829503E-002
