  0.000000000000000E+000
  1.000115997157991E-003
  2.000131877139211E-003
  3.000047989189625E-003
  3.998672123998404E-003
  4.999579861760139E-003
  5.998004227876663E-003
  6.997520569711924E-003
  7.996937260031700E-003
  8.996253833174706E-003
  9.995469823479652E-003
  1.099339593201876E-002
  1.199360378086567E-002
  1.299133058637381E-002
  1.399014890193939E-002
  1.498886570334435E-002
  1.598748378455639E-002
  1.698600314557552E-002
  1.798323169350624E-002
  1.898274011909962E-002
  1.998095959424973E-002
  2.097789011895657E-002
  2.197590842843056E-002
  2.297382988035679E-002
  2.397165074944496E-002
  2.496818266808987E-002
  2.596699446439743E-002
  2.696451731026173E-002
  2.796075120568275E-002
  2.895807474851608E-002
  2.995529957115650E-002
  3.095242381095886E-002
  3.194826096296310E-002
  3.294637426733971E-002
  3.394320234656334E-002
  3.493874147534370E-002
  3.593536838889122E-002
  3.693189844489098E-002
  3.792832791805267E-002
  3.892346844077110E-002
  3.992088511586189E-002
  4.091702029109001E-002
  4.191186279058456E-002
  4.290779680013657E-002
  4.390363022685051E-002
  4.489936307072639E-002
  4.589381814002991E-002
  4.689053446054459E-002
  4.788597673177719E-002
  4.888013005256653E-002
  4.987537115812302E-002
  5.087050795555115E-002
  5.186554789543152E-002
  5.285930633544922E-002
  5.385533347725868E-002
  5.485007911920547E-002
  5.584353953599930E-002
  5.683808773756027E-002
  5.783253163099289E-002
  5.882688239216805E-002
  5.982113629579544E-002
  6.081528589129448E-002
  6.180933862924576E-002
  6.280210614204407E-002
  6.379596143960953E-002
  6.478971987962723E-002
  6.578337401151657E-002
  6.677693128585815E-002
  6.777039170265198E-002
  6.876375526189804E-002
  6.975582987070084E-002
  7.074899971485138E-002
  7.174206525087357E-002
  7.273503392934799E-002
  7.372789829969406E-002
  7.472066581249237E-002
  7.571333646774292E-002
  7.670472562313080E-002
  7.769720256328583E-002
  7.868957519531250E-002
  7.968185842037201E-002
  8.067403733730316E-002
  8.166611939668655E-002
  8.265809714794159E-002
  8.364880084991455E-002
  8.464059233665466E-002
  8.563345670700073E-002
  8.662386238574982E-002
  8.761535584926605E-002
  8.860674500465393E-002
  8.959803730249405E-002
  9.058804810047150E-002
  9.157914668321609E-002
  9.257133305072784E-002
  9.356104582548141E-002
  9.455185383558273E-002
  9.554255753755569E-002
  9.653315693140030E-002
  9.752249717712402E-002
  9.851290285587311E-002
  9.950439631938934E-002
  0.100493431091309     
  0.101483546197414     
  0.102473564445972     
  0.103463485836983     
  0.104453302919865     
  0.105441845953465     
  0.106432653963566     
  0.107421010732651     
  0.108410432934761     
  0.109399773180485     
  0.110389001667500     
  0.111378140747547     
  0.112365998327732     
  0.113356120884418     
  0.114343792200089     
  0.115332528948784     
  0.116321183741093     
  0.117309726774693     
  0.118298187851906     
  0.119285359978676     
  0.120274797081947     
  0.121261775493622     
  0.122249841690063     
  0.123237803578377     
  0.124225676059723     
  0.125213444232941     
  0.126199930906296     
  0.127188682556152     
  0.128174990415573     
  0.129162356257439     
  0.130149647593498     
  0.131136834621429     
  0.132123917341232     
  0.133109733462334     
  0.134097799658775     
  0.135083422064781     
  0.136070117354393     
  0.137056723237038     
  0.138043224811554     
  0.139029622077942     
  0.140014752745628     
  0.141002148389816     
  0.141987085342407     
  0.142973095178604     
  0.143959015607834     
  0.144944846630096     
  0.145930558443069     
  0.146915018558502     
  0.147901728749275     
  0.148887157440186     
  0.149871319532394     
  0.150856554508209     
  0.151841700077057     
  0.152826741337776     
  0.153810515999794     
  0.154796555638313     
  0.155781298875809     
  0.156764775514603     
  0.157749354839325     
  0.158733814954758     
  0.159718170762062     
  0.160701274871826     
  0.161686614155769     
  0.162670701742172     
  0.163653507828712     
  0.164637386798859     
  0.165621176362038     
  0.166604846715927     
  0.167588457465172     
  0.168571949005127     
  0.169555336236954     
  0.170537471771240     
  0.171520695090294     
  0.172503799200058     
  0.173486799001694     
  0.174469724297523     
  0.175452545285225     
  0.176435261964798     
  0.177416712045670     
  0.178399249911308     
  0.179381683468819     
  0.180364012718201     
  0.181346252560616     
  0.182328388094902     
  0.183310449123383     
  0.184291228652000     
  0.185273081064224     
  0.186254844069481     
  0.187236502766609     
  0.188218072056770     
  0.189199537038803     
  0.190180912613869     
  0.191161021590233     
  0.192142203450203     
  0.193124443292618     
  0.194104254245758     
  0.195085167884827     
  0.196065962314606     
  0.197046667337418     
  0.198026090860367     
  0.199006587266922     
  0.199988171458244     
  0.200967326760292     
  0.201947540044785     
  0.202927663922310     
  0.203907668590546     
  0.204886436462402     
  0.205866277217865     
  0.206847190856934     
  0.207825660705566     
  0.208805203437805     
  0.209784656763077     
  0.210764020681381     
  0.211743265390396     
  0.212721258401871     
  0.213701501488686     
  0.214679315686226     
  0.215658187866211     
  0.216636955738068     
  0.217615649104118     
  0.218594238162041     
  0.219571560621262     
  0.220551118254662     
  0.221528261899948     
  0.222506463527679     
  0.223484575748444     
  0.224462583661079     
  0.225440502166748     
  0.226417168974876     
  0.227396056056023     
  0.228372514247894     
  0.229350045323372     
  0.230327486991882     
  0.231304839253426     
  0.232282102108002     
  0.233258083462715     
  0.234236299991608     
  0.235212117433548     
  0.236188977956772     
  0.237165749073029     
  0.238142430782318     
  0.239119008183479     
  0.240094333887100     
  0.241071879863739     
  0.242047011852264     
  0.243023201823235     
  0.243999302387238     
  0.244975313544273     
  0.245951235294342     
  0.246925890445709     
  0.247902780771255     
  0.248877242207527     
  0.249852776527405     
  0.250828206539154     
  0.251803576946259     
  0.252778798341751     
  0.253752797842026     
  0.254729032516479     
  0.255702823400497     
  0.256677687168121     
  0.257652461528778     
  0.258627146482468     
  0.259601712226868     
  0.260575056076050     
  0.261550605297089     
  0.262523740530014     
  0.263497948646545     
  0.264472037553787     
  0.265446066856384     
  0.266419976949692     
  0.267392665147781     
  0.268367558717728     
  0.269340008497238     
  0.270313560962677     
  0.271286994218826     
  0.272260338068008     
  0.273233592510223     
  0.274205595254898     
  0.275179833173752     
  0.276151627302170     
  0.277124524116516     
  0.278097301721573     
  0.279069989919662     
  0.280041426420212     
  0.281013906002045     
  0.281987488269806     
  0.282958626747131     
  0.283930838108063     
  0.284902989864349     
  0.285874992609024     
  0.286845773458481     
  0.287817597389221     
  0.288790494203568     
  0.289761006832123     
  0.290732562541962     
  0.291703999042511     
  0.292675375938416     
  0.293645501136780     
  0.294616669416428     
  0.295587748289108     
  0.296558737754822     
  0.297529637813568     
  0.298500418663025     
  0.299471139907837     
  0.300440579652786     
  0.301411092281342     
  0.302381515502930     
  0.303351849317551     
  0.304322093725204     
  0.305292248725891     
  0.306262284517288     
  0.307231068611145     
  0.308200925588608     
  0.309170693159103     
  0.310140371322632     
  0.311108767986298     
  0.312079429626465     
  0.313048809766769     
  0.314016938209534     
  0.314986139535904     
  0.315955251455307     
  0.316924273967743     
  0.317892014980316     
  0.318862020969391     
  0.319830745458603     
  0.320798218250275     
  0.321766763925552     
  0.322735190391541     
  0.323703557252884     
  0.324670672416687     
  0.325639992952347     
  0.326606929302216     
  0.327574908733368     
  0.328542768955231     
  0.329510569572449     
  0.330478280782700     
  0.331444740295410     
  0.332413375377655     
  0.333379656076431     
  0.334347009658813     
  0.335314214229584     
  0.336281359195709     
  0.337248414754868     
  0.338214188814163     
  0.339182198047638     
  0.340147852897644     
  0.341114461421967     
  0.342081069946289     
  0.343047559261322     
  0.344013929367065     
  0.344979107379913     
  0.345946431159973     
  0.346911400556564     
  0.347877413034439     
  0.348843336105347     
  0.349809199571609     
  0.350774884223938     
  0.351739406585693     
  0.352706134319305     
  0.353670418262482     
  0.354635775089264     
  0.355601042509079     
  0.356566250324249     
  0.357530146837234     
  0.358495146036148     
  0.359461188316345     
  0.360424846410751     
  0.361389577388763     
  0.362354189157486     
  0.363318741321564     
  0.364282011985779     
  0.365246355533600     
  0.366211771965027     
  0.367174744606018     
  0.368138819932938     
  0.369102776050568     
  0.370066642761230     
  0.371029317378998     
  0.371993005275726     
  0.372956573963165     
  0.373920083045959     
  0.374883472919464     
  0.375846803188324     
  0.376810073852539     
  0.377772033214569     
  0.378735065460205     
  0.379698008298874     
  0.380660861730576     
  0.381623625755310     
  0.382586300373077     
  0.383548885583878     
  0.384510219097137     
  0.385472625494003     
  0.386434912681580     
  0.387397110462189     
  0.388358086347580     
  0.389321267604828     
  0.390283167362213     
  0.391243875026703     
  0.392205595970154     
  0.393167287111282     
  0.394128829240799     
  0.395089149475098     
  0.396051675081253     
  0.397012948989868     
  0.397973001003265     
  0.398934125900269     
  0.399895071983337     
  0.400856018066406     
